3
3 9 1 
-9.246773 -45.978432 -3.060111 12.563050 -9.350752 17.348974 3.450511 3.164837 3.237728 
14.103356 -41.082331 -7.430154 -15.334149 14.150930 11.121415 1.439292 -11.676787 1.416752 
1.311487 33.549739 12.832812 9.796363 1.586778 -13.269936 1.178340 19.384827 1.171016 
-1.827136 208.013234 -12.404388 -0.224251 -1.884725 -66.131528 -7.025228 -11.631192 -6.655315 
-0.061372 
25.528853 
-1.628995 
-0.931125 
-1.425116 
-25.714981 
-1.757312 
-71.545833 
-0.541693 
75.489100 
logsig
logsig
